1637761074.443637,0
1637761074.546789,20
1637761074.650723,19
1637761074.755302,13
1637761074.861683,9
1637761074.964976,11
1637761075.068302,12
1637761075.171203,12
1637761075.274718,12
1637761075.377938,14
1637761075.482542,16
1637761075.585798,19
1637761075.689890,12
1637761075.793243,14
1637761075.896888,14
1637761076.001276,9
1637761076.104709,11
1637761076.207817,11
1637761076.310740,11
1637761076.413982,13
1637761076.516787,14
1637761076.620754,14
1637761076.724910,15
1637761076.829010,16
1637761076.932118,15
1637761077.035164,17
1637761077.138280,17
1637761077.241924,18
1637761077.346493,17
1637761077.454048,20
1637761077.558566,14
1637761077.662479,13
1637761077.765933,14
1637761077.869813,14
1637761077.973068,17
1637761078.076946,18
1637761078.180649,18
1637761078.283697,16
1637761078.386884,15
1637761078.490615,16
1637761078.594421,16
1637761078.699076,16
1637761078.802505,17
1637761078.908563,17
1637761079.011669,18
1637761079.114547,17
1637761079.219024,18
1637761079.324066,18
1637761079.427545,20
1637761079.531026,18
1637761079.634814,10
1637761079.738251,10
1637761079.842887,11
1637761079.945944,12
1637761080.050220,13
1637761080.153957,14
1637761080.257735,15
1637761080.361317,15
1637761080.464928,17
1637761080.568570,18
1637761080.671579,20
1637761080.774546,20
1637761080.877755,16
1637761080.981848,7
1637761081.085282,10
1637761081.188786,12
1637761081.291903,10
1637761081.395067,9
1637761081.498392,18
1637761081.603808,20
1637761081.710567,17
1637761081.816264,6
1637761081.919580,7
1637761082.023398,8
1637761082.127281,9
1637761082.231197,9
1637761082.334202,11
1637761082.437344,12
1637761082.540419,14
1637761082.643432,13
1637761082.746731,14
1637761082.851184,14
1637761082.954390,14
1637761083.058227,16
1637761083.161584,15
1637761083.264355,17
1637761083.367474,17
1637761083.470701,19
1637761083.574216,18
1637761083.677851,19
1637761083.781822,20
1637761083.885184,20
1637761083.991173,13
1637761084.094930,13
1637761084.198839,14
1637761084.301919,14
1637761084.405185,15
1637761084.508478,16
1637761084.612038,17
1637761084.715728,19
1637761084.819016,19
1637761084.922313,17
1637761085.027358,16
1637761085.130847,17
1637761085.234621,18
1637761085.338486,19
1637761085.442113,20
1637761085.545727,20
1637761085.648780,20
1637761085.752644,16
1637761085.856702,5
1637761085.960632,9
1637761086.064197,10
1637761086.167113,11
1637761086.270303,12
1637761086.374199,14
1637761086.479450,10
1637761086.584815,10
1637761086.688869,12
1637761086.794622,13
1637761086.898029,13
1637761087.002140,13
1637761087.106519,14
1637761087.209978,16
1637761087.314210,16
1637761087.419094,17
1637761087.522897,18
1637761087.633350,18
1637761087.736979,14
1637761087.842852,14
1637761087.950645,15
1637761088.054384,15
1637761088.161610,18
1637761088.267036,19
1637761088.370348,14
1637761088.474324,16
1637761088.577676,15
1637761088.680687,15
1637761088.785693,16
1637761088.890852,16
1637761088.997292,17
1637761089.100846,18
1637761089.209037,17
1637761089.312285,19
1637761089.415829,19
1637761089.518946,19
1637761089.621448,10
1637761089.733711,13
1637761089.840307,16
1637761089.953905,15
1637761090.057924,18
1637761090.162320,18
1637761090.267387,19
1637761090.377097,17
1637761090.483690,16
1637761090.587034,18
1637761090.690394,17
1637761090.794499,17
1637761090.898044,18
1637761091.001908,19
1637761091.105877,17
1637761091.208915,19
1637761091.312385,18
1637761091.415128,19
1637761091.519633,16
1637761091.622334,20
1637761091.732853,18
1637761091.836768,1
1637761091.939920,4
1637761092.044302,5
1637761092.153675,6
1637761092.257448,7
1637761092.364884,9
1637761092.469261,10
1637761092.572521,10
1637761092.675883,12
1637761092.778923,14
1637761092.882863,14
1637761092.987968,14
1637761093.091533,15
1637761093.196825,16
1637761093.300288,17
1637761093.405612,17
1637761093.509687,19
1637761093.612541,18
1637761093.720768,9
1637761093.825296,9
1637761093.930008,11
1637761094.036474,7
1637761094.141323,7
1637761094.246631,8
1637761094.350698,10
1637761094.453944,11
1637761094.557595,11
1637761094.662432,11
1637761094.765310,12
1637761094.869256,13
1637761094.973606,14
1637761095.076233,15
1637761095.180259,16
1637761095.287644,16
1637761095.390909,16
1637761095.497443,19
1637761095.601861,20
1637761095.705065,20
1637761095.808396,18
1637761095.912250,14
1637761096.017253,14
1637761096.121572,16
1637761096.225085,18
1637761096.329737,18
1637761096.434419,13
1637761096.539522,13
1637761096.642877,13
1637761096.745996,16
1637761096.849682,15
1637761096.954040,15
1637761097.057178,17
1637761097.160411,17
1637761097.264910,17
1637761097.368361,17
1637761097.471850,18
1637761097.574937,20
1637761097.678264,18
1637761097.781794,9
1637761097.885571,10
1637761097.988766,14
1637761098.092400,18
1637761098.197855,17
1637761098.301547,17
1637761098.404978,18
1637761098.508363,18
1637761098.612461,11
1637761098.716978,9
1637761098.819873,10
1637761098.922772,9
1637761099.028249,11
1637761099.131250,11
1637761099.235059,13
1637761099.338918,13
1637761099.443465,15
1637761099.548623,19
1637761099.652316,20
1637761099.755984,20
1637761099.859450,11
1637761099.962832,11
1637761100.068477,13
1637761100.172048,15
1637761100.278449,16
1637761100.382344,14
1637761100.485978,12
1637761100.588876,13
1637761100.691815,13
1637761100.795005,15
1637761100.897975,15
1637761101.003283,15
1637761101.107243,15
1637761101.210426,16
1637761101.314018,17
1637761101.417871,17
1637761101.521123,20
1637761101.625562,18
1637761101.729598,12
1637761101.833609,15
1637761101.937105,14
1637761102.040878,15
1637761102.144474,16
1637761102.247447,18
1637761102.350746,19
1637761102.454159,13
1637761102.557776,14
1637761102.660676,16
1637761102.763663,16
1637761102.867027,18
1637761102.970556,17
1637761103.075081,18
1637761103.178981,19
1637761103.282349,20
1637761103.385168,19
1637761103.488425,20
1637761103.592242,11
1637761103.697110,8
1637761103.800634,9
1637761103.903559,11
1637761104.007046,10
1637761104.110115,9
1637761104.215206,10
1637761104.321149,11
1637761104.424512,11
1637761104.527504,11
1637761104.631426,12
1637761104.736095,13
1637761104.840204,14
1637761104.944207,15
1637761105.047183,15
1637761105.150167,16
1637761105.255447,16
1637761105.358622,17
1637761105.465328,17
1637761105.569996,19
1637761105.673049,19
1637761105.776390,13
1637761105.879791,14
1637761105.983927,14
1637761106.088301,16
1637761106.192754,17
1637761106.297365,18
1637761106.400666,14
1637761106.504261,14
1637761106.607571,16
1637761106.711340,18
1637761106.814793,17
1637761106.918093,17
1637761107.021122,18
1637761107.124406,18
1637761107.227964,19
1637761107.331476,19
1637761107.434897,19
1637761107.539238,20
1637761107.643782,10
1637761107.748058,11
1637761107.850917,12
1637761107.957951,11
1637761108.061712,12
1637761108.168143,13
1637761108.271560,14
1637761108.374415,14
1637761108.477225,16
1637761108.580414,19
1637761108.683649,19
1637761108.789584,16
1637761108.894562,14
1637761109.001640,15
1637761109.107836,15
1637761109.213710,11
1637761109.316510,13
1637761109.421576,13
1637761109.529258,14
1637761109.637593,19
1637761109.741145,20
1637761109.845012,10
1637761109.949712,9
1637761110.052739,12
1637761110.156180,13
1637761110.261190,15
1637761110.364931,10
1637761110.468385,12
1637761110.571142,13
1637761110.676064,12
1637761110.780746,13
1637761110.883865,15
1637761110.986654,14
1637761111.091274,15
1637761111.195028,16
1637761111.298405,17
1637761111.402310,17
1637761111.506307,17
1637761111.610124,20
1637761111.714492,12
1637761111.817567,13
1637761111.922231,14
1637761112.026954,15
1637761112.130575,16
1637761112.233824,18
1637761112.337635,17
1637761112.440698,14
1637761112.544035,15
1637761112.648121,15
1637761112.751001,16
1637761112.854821,18
1637761112.959916,18
1637761113.063269,19
1637761113.166673,19
1637761113.270302,19
1637761113.374730,20
1637761113.479664,19
1637761113.583877,17
1637761113.687027,19
1637761113.790980,17
1637761113.893720,3
1637761114.001115,3
1637761114.106622,5
1637761114.209852,7
1637761114.314756,8
1637761114.420070,7
1637761114.522971,9
1637761114.626748,11
1637761114.732253,11
1637761114.837606,13
1637761114.941527,13
1637761115.045635,13
1637761115.150754,15
1637761115.254888,14
1637761115.359243,16
1637761115.463223,17
1637761115.571592,19
1637761115.676468,19
1637761115.782131,9
1637761115.886994,11
1637761115.990618,12
1637761116.094536,14
1637761116.198520,9
1637761116.310741,9
1637761116.414921,10
1637761116.519671,10
1637761116.622991,11
1637761116.728992,11
1637761116.834004,12
1637761116.939024,14
1637761117.042114,14
1637761117.150166,14
1637761117.253216,15
1637761117.356418,15
1637761117.459461,16
1637761117.564187,17
1637761117.670618,17
1637761117.773588,13
1637761117.876755,13
1637761117.979661,14
1637761118.082805,14
1637761118.188424,16
1637761118.292248,20
1637761118.438241,12
1637761118.547156,14
1637761118.651734,14
1637761118.755158,15
1637761118.858978,15
1637761118.962282,16
1637761119.068100,17
1637761119.172153,17
1637761119.275539,17
1637761119.378927,19
1637761119.482406,19
1637761119.587217,20
1637761119.690534,4
1637761119.795469,10
1637761119.899487,10
1637761120.005705,12
1637761120.110871,12
1637761120.214853,15
1637761120.319304,11
1637761120.422658,10
1637761120.526961,11
1637761120.631742,13
1637761120.735276,13
1637761120.839591,13
1637761120.944030,14
1637761121.048855,14
1637761121.153121,16
1637761121.259141,15
1637761121.362795,17
1637761121.469176,16
1637761121.574346,18
1637761121.679052,19
1637761121.783492,15
1637761121.888240,6
1637761121.993682,7
1637761122.097233,10
1637761122.201309,9
1637761122.305715,8
1637761122.411191,8
1637761122.515774,9
1637761122.620201,10
1637761122.724431,11
1637761122.828403,12
1637761122.932265,12
1637761123.035924,14
1637761123.139924,14
1637761123.243593,15
1637761123.347299,16
1637761123.451655,16
1637761123.555798,17
1637761123.659760,20
1637761123.763596,20
1637761123.868799,8
1637761123.972875,9
1637761124.077256,10
1637761124.180961,13
1637761124.284019,10
1637761124.387884,9
1637761124.491215,9
1637761124.595419,11
1637761124.698725,11
1637761124.802247,12
1637761124.906244,13
1637761125.009905,14
1637761125.112904,15
1637761125.216572,14
1637761125.320378,16
1637761125.423906,15
1637761125.527063,16
1637761125.630930,18
1637761125.734652,12
1637761125.839903,12
1637761125.943467,13
1637761126.046606,15
1637761126.150009,16
1637761126.253597,17
1637761126.357286,13
1637761126.460657,13
1637761126.563566,14
1637761126.666763,15
1637761126.769879,15
1637761126.873325,15
1637761126.976505,17
1637761127.080365,17
1637761127.184349,19
1637761127.288210,19
1637761127.392423,19
1637761127.496175,19
1637761127.599552,20
1637761127.703255,14
1637761127.807724,5
1637761127.912138,6
1637761128.015733,13
1637761128.119555,11
1637761128.223365,14
1637761128.326216,15
1637761128.429148,15
1637761128.532230,12
1637761128.635285,12
1637761128.739076,13
1637761128.842556,13
1637761128.945616,14
1637761129.048930,14
1637761129.152975,15
1637761129.257630,15
1637761129.363506,17
1637761129.473630,17
1637761129.589710,18
1637761129.693128,18
1637761129.798652,18
1637761129.901774,20
1637761130.005329,19
1637761130.110057,10
1637761130.214008,10
1637761130.317210,13
1637761130.420331,14
1637761130.524080,9
1637761130.627960,10
1637761130.731613,10
1637761130.836158,10
1637761130.939362,12
1637761131.042495,13
1637761131.146803,13
1637761131.253599,13
1637761131.356630,15
1637761131.460089,15
1637761131.565564,15
1637761131.670325,16
1637761131.775588,20
1637761131.879998,19
1637761131.983375,11
1637761132.089695,8
1637761132.193303,9
1637761132.298035,6
1637761132.401222,8
1637761132.504949,8
1637761132.611328,9
1637761132.714831,10
1637761132.818575,11
1637761132.923199,11
1637761133.029286,12
1637761133.133080,14
1637761133.236021,15
1637761133.340321,16
1637761133.445538,16
1637761133.553643,17
1637761133.657712,20
1637761133.761800,19
1637761133.865371,19
1637761133.969793,7
1637761134.072985,9
1637761134.176375,11
1637761134.280111,12
1637761134.383355,7
1637761134.486516,8
1637761134.589896,10
1637761134.697277,11
1637761134.802797,12
1637761134.905789,0
1637761135.010621,0
1637761135.113167,0
1637761135.216586,0
1637761135.320086,0
1637761135.424661,0
1637761135.533798,0
